[app/ui]
version = 6.6.3
modtime = 1506400419.388055000

[app/launcher]
version = 6.6.3
modtime = 1506400419.392053000
